../Object/Sphere/ -11.44,-35.37,22.09 0.0,0.0,0.0 0.0,0.0,0.0
../Objects/Cube/ -9.37,7.39,-47.63 0.0,0.0,0.0 0.0,0.0,0.0
../Object/Sphere/ 8.17,-17.96,49.02 0.0,0.0,0.0 0.0,0.0,0.0
../Objects/Cube/ 38.22,0.72,-31.00 0.0,0.0,0.0 0.0,0.0,0.0
../Objects/Cube/ -22.18,33.97,33.74 0.0,0.0,0.0 0.0,0.0,0.0
../Objects/Cube/ -9.94,-33.06,33.61 0.0,0.0,0.0 0.0,0.0,0.0
../Objects/Cube/ -16.09,3.17,-44.42 0.0,0.0,0.0 0.0,0.0,0.0
../Object/Sphere/ 35.29,33.47,12.48 0.0,0.0,0.0 0.0,0.0,0.0
../Object/Sphere/ 48.82,29.06,7.64 0.0,0.0,0.0 0.0,0.0,0.0
../Object/Sphere/ 14.59,30.05,46.27 0.0,0.0,0.0 0.0,0.0,0.0
../Object/Sphere/ -15.25,15.33,23.41 0.0,0.0,0.0 0.0,0.0,0.0
../Objects/Cube/ 22.46,-5.87,-44.80 0.0,0.0,0.0 0.0,0.0,0.0
../Objects/Cube/ 14.80,2.71,-10.95 0.0,0.0,0.0 0.0,0.0,0.0
../Object/Sphere/ -15.51,-3.62,29.32 0.0,0.0,0.0 0.0,0.0,0.0
../Object/Sphere/ 18.96,13.26,10.46 0.0,0.0,0.0 0.0,0.0,0.0
../Object/Sphere/ -0.67,-23.99,-14.20 0.0,0.0,0.0 0.0,0.0,0.0
../Object/Sphere/ 30.25,16.25,-17.67 0.0,0.0,0.0 0.0,0.0,0.0
../Object/Sphere/ 3.28,-4.78,-34.17 0.0,0.0,0.0 0.0,0.0,0.0
../Objects/Cube/ 27.55,-36.96,-30.77 0.0,0.0,0.0 0.0,0.0,0.0
../Object/Sphere/ -15.31,-38.62,4.08 0.0,0.0,0.0 0.0,0.0,0.0
../Objects/Cube/ -17.20,-46.22,16.49 0.0,0.0,0.0 0.0,0.0,0.0
../Objects/Cube/ -13.51,-30.56,-4.45 0.0,0.0,0.0 0.0,0.0,0.0
../Objects/Cube/ 32.25,-43.65,39.49 0.0,0.0,0.0 0.0,0.0,0.0
../Objects/Cube/ 2.05,-5.79,17.16 0.0,0.0,0.0 0.0,0.0,0.0
../Object/Sphere/ -47.91,-34.86,-48.03 0.0,0.0,0.0 0.0,0.0,0.0
../Object/Sphere/ -8.51,3.97,-28.30 0.0,0.0,0.0 0.0,0.0,0.0
../Object/Sphere/ 40.10,-19.00,-23.93 0.0,0.0,0.0 0.0,0.0,0.0
../Object/Sphere/ 19.76,40.84,-21.87 0.0,0.0,0.0 0.0,0.0,0.0
../Objects/Cube/ 21.83,-6.99,-8.45 0.0,0.0,0.0 0.0,0.0,0.0
../Object/Sphere/ 11.08,22.36,-43.29 0.0,0.0,0.0 0.0,0.0,0.0
../Object/Sphere/ -21.10,-33.56,18.53 0.0,0.0,0.0 0.0,0.0,0.0
../Objects/Cube/ 37.37,15.02,-9.05 0.0,0.0,0.0 0.0,0.0,0.0
../Objects/Cube/ -30.47,21.16,22.73 0.0,0.0,0.0 0.0,0.0,0.0
../Object/Sphere/ -35.02,30.94,9.42 0.0,0.0,0.0 0.0,0.0,0.0
../Objects/Cube/ -40.93,12.51,-36.13 0.0,0.0,0.0 0.0,0.0,0.0
../Object/Sphere/ -48.46,48.65,-10.75 0.0,0.0,0.0 0.0,0.0,0.0
../Object/Sphere/ 23.09,32.59,0.64 0.0,0.0,0.0 0.0,0.0,0.0
../Object/Sphere/ 31.70,23.66,-28.28 0.0,0.0,0.0 0.0,0.0,0.0
../Objects/Cube/ 4.95,-6.97,-41.70 0.0,0.0,0.0 0.0,0.0,0.0
../Object/Sphere/ 18.06,-32.59,-26.37 0.0,0.0,0.0 0.0,0.0,0.0
../Objects/Cube/ -29.42,14.77,38.70 0.0,0.0,0.0 0.0,0.0,0.0
../Object/Sphere/ -28.71,25.14,-31.52 0.0,0.0,0.0 0.0,0.0,0.0
../Objects/Cube/ -21.44,-29.16,-48.98 0.0,0.0,0.0 0.0,0.0,0.0
../Object/Sphere/ -1.61,19.05,23.89 0.0,0.0,0.0 0.0,0.0,0.0
../Object/Sphere/ -20.18,17.52,-12.37 0.0,0.0,0.0 0.0,0.0,0.0
../Object/Sphere/ 4.84,5.51,39.03 0.0,0.0,0.0 0.0,0.0,0.0
../Objects/Cube/ 48.94,-34.67,40.21 0.0,0.0,0.0 0.0,0.0,0.0
../Objects/Cube/ 12.94,-33.19,-22.52 0.0,0.0,0.0 0.0,0.0,0.0
../Objects/Cube/ 42.95,-29.75,3.50 0.0,0.0,0.0 0.0,0.0,0.0
../Objects/Cube/ 49.78,45.64,29.85 0.0,0.0,0.0 0.0,0.0,0.0
../Objects/Cube/ -4.53,6.42,-14.73 0.0,0.0,0.0 0.0,0.0,0.0
../Object/Sphere/ -29.95,-17.69,15.18 0.0,0.0,0.0 0.0,0.0,0.0
../Objects/Cube/ -12.54,13.39,-3.34 0.0,0.0,0.0 0.0,0.0,0.0
../Objects/Cube/ 32.72,45.61,25.87 0.0,0.0,0.0 0.0,0.0,0.0
../Objects/Cube/ -25.08,-10.68,-39.54 0.0,0.0,0.0 0.0,0.0,0.0
../Objects/Cube/ -47.24,24.21,-22.13 0.0,0.0,0.0 0.0,0.0,0.0
../Object/Sphere/ -1.93,36.40,15.13 0.0,0.0,0.0 0.0,0.0,0.0
../Objects/Cube/ 15.74,-12.48,-21.60 0.0,0.0,0.0 0.0,0.0,0.0
../Objects/Cube/ -19.88,-26.72,49.36 0.0,0.0,0.0 0.0,0.0,0.0
../Object/Sphere/ -15.99,2.05,-47.47 0.0,0.0,0.0 0.0,0.0,0.0
../Object/Sphere/ -7.84,48.06,37.38 0.0,0.0,0.0 0.0,0.0,0.0
../Object/Sphere/ -10.58,15.47,-34.87 0.0,0.0,0.0 0.0,0.0,0.0
../Object/Sphere/ 14.87,-25.78,44.73 0.0,0.0,0.0 0.0,0.0,0.0
../Object/Sphere/ 27.27,-32.22,2.92 0.0,0.0,0.0 0.0,0.0,0.0
../Object/Sphere/ 33.02,-37.47,25.46 0.0,0.0,0.0 0.0,0.0,0.0
../Object/Sphere/ -19.52,9.67,39.16 0.0,0.0,0.0 0.0,0.0,0.0
../Objects/Cube/ 38.76,-9.33,-18.74 0.0,0.0,0.0 0.0,0.0,0.0
../Objects/Cube/ 34.69,-26.60,-0.81 0.0,0.0,0.0 0.0,0.0,0.0
../Objects/Cube/ -5.07,49.62,-48.51 0.0,0.0,0.0 0.0,0.0,0.0
../Objects/Cube/ 2.08,30.16,14.03 0.0,0.0,0.0 0.0,0.0,0.0
../Object/Sphere/ -12.45,-37.38,-43.01 0.0,0.0,0.0 0.0,0.0,0.0
../Objects/Cube/ 37.66,-18.60,-30.91 0.0,0.0,0.0 0.0,0.0,0.0
../Objects/Cube/ 32.04,17.39,-46.83 0.0,0.0,0.0 0.0,0.0,0.0
../Objects/Cube/ -31.24,-14.78,-16.73 0.0,0.0,0.0 0.0,0.0,0.0
../Objects/Cube/ -48.53,33.09,42.96 0.0,0.0,0.0 0.0,0.0,0.0
../Objects/Cube/ 41.02,-45.09,-28.49 0.0,0.0,0.0 0.0,0.0,0.0
../Objects/Cube/ 29.78,40.26,28.90 0.0,0.0,0.0 0.0,0.0,0.0
../Object/Sphere/ 45.71,-34.28,16.52 0.0,0.0,0.0 0.0,0.0,0.0
../Objects/Cube/ 44.48,44.73,-20.97 0.0,0.0,0.0 0.0,0.0,0.0
../Object/Sphere/ -37.88,5.10,20.98 0.0,0.0,0.0 0.0,0.0,0.0
../Object/Sphere/ 2.15,41.86,-24.39 0.0,0.0,0.0 0.0,0.0,0.0
../Object/Sphere/ 39.75,5.99,-27.97 0.0,0.0,0.0 0.0,0.0,0.0
../Objects/Cube/ 38.60,-21.02,-24.68 0.0,0.0,0.0 0.0,0.0,0.0
../Objects/Cube/ 14.36,-21.46,-15.40 0.0,0.0,0.0 0.0,0.0,0.0
../Objects/Cube/ -5.81,45.84,-8.90 0.0,0.0,0.0 0.0,0.0,0.0
../Objects/Cube/ 8.92,30.18,-23.43 0.0,0.0,0.0 0.0,0.0,0.0
../Object/Sphere/ 6.40,40.52,5.43 0.0,0.0,0.0 0.0,0.0,0.0
../Objects/Cube/ -48.61,0.01,22.09 0.0,0.0,0.0 0.0,0.0,0.0
../Object/Sphere/ 36.98,31.87,20.99 0.0,0.0,0.0 0.0,0.0,0.0
../Objects/Cube/ 38.34,-38.04,-34.14 0.0,0.0,0.0 0.0,0.0,0.0
../Objects/Cube/ 3.38,17.96,21.15 0.0,0.0,0.0 0.0,0.0,0.0
../Objects/Cube/ -24.96,37.39,-9.15 0.0,0.0,0.0 0.0,0.0,0.0
../Object/Sphere/ 8.49,4.32,5.02 0.0,0.0,0.0 0.0,0.0,0.0
../Object/Sphere/ -41.26,-2.97,-4.24 0.0,0.0,0.0 0.0,0.0,0.0
../Objects/Cube/ 23.41,15.00,-15.31 0.0,0.0,0.0 0.0,0.0,0.0
../Objects/Cube/ 23.41,19.45,-40.68 0.0,0.0,0.0 0.0,0.0,0.0
../Object/Sphere/ 19.99,-49.84,26.07 0.0,0.0,0.0 0.0,0.0,0.0
../Object/Sphere/ 20.12,-29.47,0.47 0.0,0.0,0.0 0.0,0.0,0.0
../Objects/Cube/ 44.85,-16.89,-5.53 0.0,0.0,0.0 0.0,0.0,0.0
../Object/Sphere/ 43.89,-42.57,-41.02 0.0,0.0,0.0 0.0,0.0,0.0
